       0       0       0       0       0       0       0       0       0       0    -1.5       0       0       0      -1       0       0       0       0       0       0       0       0       0       0       0       0       0       0       0       1       0       0       0       0       0       0       0       0       0       0       0       0       0       0       0       0       0       0       0       0       0       0       0       0       0
       1      -1       0       0       0       0       0      -1       0       0       0       0       0       0       0       0       0       0       0       0       0       0       0       0       0       0       0       0       0       0       0       0       0       0       0       0       0       0       0       0       0       0       0       0       0       0       0       0       0       0       0       0       0       0       0       0
      -1       0      -1      -1       0       0       0       0       0       0   -3.75       0       0       0       0       1       0       0       0       0       0       0       0       0       0       0       0       0       0       0       0       0       0       0       0       0      -1       0       0       0       0       0       1       0       0       0       0       0       0       0       0       0       0       0       0       0
       0       0      -1       0       2      -1       0       0       1      -1   59.81       0       0       0       0       0       0       0       0       0       0       0       0       0       0       0       0       0       0       0      -1       1       0       0       0       0       0       0       0       0       0       0       0       1       0       0       1      -1       0       0       0       0       0       0       0       0
       0       0       0       0       0      -1      -1       0       0       0    4.12       0       0       0       0       0       0       0       0       0       0       0       0       0       0       0       0       0       0       0       0       0       1       0      -1       1       0       0       0       0       0       0       0       0       0       0       0       0       0       0       0       0       0       0       0       0
       0       0       0       0       0       1       0       0       0       0       0       1       0       0       0       0       0       0       0       0       0       0       0       0       0       0       0       0       0       1       0       0       0       0       0       1       0       0       1       1       0       0       1       0       0      -1       1       0       0       0       0       0       0       0       0       0
       0       0       0       0       0       0       0       0       0       0   -0.36       0       0       0       0       0       0       0       0       0       0       0       0       0       0       0       0       0       0       0       0       0       0       0       0       0       0       0       0       0       0       0       0       0       0       0       0       0       0       0       0       0       0       1       0      -1
       0       0       0       0       0       0       0       0       0       0   -0.07       0       0       0       0       0       0       0       0       0       0       0       0       0       1       0       0       0       0       0       0       0       0       0       0       0       0       0       0       0       0       0       0      -1       1       0       0       0       0       0       0       0       0       1       0       1
       0       0       0       0       0       0       0       0       0       0       0       0       0       0       0       0       0       0       0       0       0       0       0      -1      -1       0       0       0       0       0       0       0       0       0       0       0       0       0       0       0       0       0       0       1       0       0       0       0       0       0       0       0       0       0       0       0
       0       0       0       0       0       0       0       0       0       0       0       0       0       0       0       1       0       0       0       0       0       0       0       0       0       1      -1       0       0       0       0       0       0       0       0       0       0       0       0       0       0       0       0       0       0       0       0       0       0       0       0       0       0       0       0       0
       0       0       0       0       0       0       0       0       0       0       0       0       0       0       0       0       0       0       0       0       0       0       0       0       0       0       0      -1      -1       0       0       0       0       0       0       0       0       0       0       0       0       0       0       0       0       0       0       0       0       0       0       0       1       0       0       0
       0       0       0       0       0       0       0       0       0       0   -0.13       0       0       0       0       0       0       0       0       0       0       0       0       2       0       0       0       0       0       0      -1       0       0       0       0       0       0       0       0       0       0       0       0       0       0       0       0       0       0       0       0       0       0       0       0       1
       0       0       0       0       0       0       0       0       0       0    -0.2       0       0       0       0       0       1       0       0       0       0       0       0       0       0       0       0       0       0      -1       0       0       0       0       0       0       0       0       0       0       0       0       0       0      -1       0       0       0       0       0       0       0       0       0       0       0
       0       0       0       0       0       0       0       0       0       0   -0.26       0       0       0       0       0       0       0       0       0       0       0       0       0       0       0       0       0       0       0       0       1       0      -1      -1       0       0       0       0       0       0       0       0       0       0       0       0       0       0       0       0       0       0       0       0       0
       0       0       0       0       0       0       0       0       0       0   -4.94       0       0       0       0       0       0      -1       0       0       0       0       0       0       0       0       0       0       0       0       0      -1      -1       1       2       0       0       0       0       0       0       0       0       0       0       0       0       0       0       0       0       0       0       0       0       0
       0       0       0      -1      -1       0       0       0      -1       1  -59.81       0       1       0       1       0       0       0       0      -1       0       0       0       0      -1       0       0       0      -1      -1       0       0      -1      -1       0       0      -1       0       0       0       0       0       0       0       0      -1       0       0       0       0       0       0       0       0       0       0
      -1       0      -1       1       2       0      -1      -2       1       3   63.49       0      -2      -2       0       0       0      -1       0       0       0      -1       0       0       0       1       0       0       0       2       1       1       1       0      -1       0       1       1       0       0      -4       0       0       1       0       1       0      -1       0       0       2       1       0       0       2       0
       0       0       1       0       0       0       1       1       0      -4   -3.68       0       2       1       0       0       0       1      -1       0       0       1       0       0       0      -1       0       0       0       0       0       0       0       0       0       0       0       0       0       0       3       0       0       0       0       0       0       0       0       0      -2      -1       0       0      -2       0
       0       0       0       1       0       0       0       0       0       0       0       0       0       0       0       0       0       0       0       0       0       0       0       0       0       0       0       0       0       0       0       0       0       0       0      -1      -1       0       0       0       0       0       0       0       0       0       0       0       0       0       0       0       0       0       0       0
       0       0       0       0       0       0       0       0       0       0       0       0       0       0       0       0       0       0       0       0       0       0       0       0       0       0       0       0       1       0       0       0       0       0       0       0       1      -1      -1      -1       0       0       0       0       0       0       0       0       0       0       0       0       0       0       0       0
       1       0       0       0       0      -1       0       1       0       0   -3.55       0       0       1       0       0       0       0       0       0       0       0       0       0       0       0       0       0       0       0      -1       0       0       0       0       0       0      -1      -1       0       1      -1      -1       0       0       0       0       0       0       0       0       0       0       0       1       0
       0       0       0       0       0       0       0       0       0       0   13.03       0       0       0       0       0       0       0       0       0       0       0       0       0       0       0       0       0       0      -2       0       0      -1       0       1      -1       0       0       0      -1       0       1       0       0       0       0       0       0       0       0       0       0       0       0      -1       0
       0       0       0       0       0       0       0       0       0       0       0       0       0       0       0       0       0       0       0       0       1       0       0       0       0       0       0       0       0       0       0      -1       1       1       0       0       0       0       0       0       0       0       0       0       0       0       0       0       0       0       0       0       0       0       0       0
       0       0       0      -1       0       0       0       0       0       0   -1.79       0       0       0       0       0       0       0       0       0       0       0       0       0       0       0       0       0       0       0       0       0       0       0       0       0       0       1       0       0       0       0       0       0       0       1      -1       0       0       0       0       0       0       0       0       0
       0       0       0       0       1       0       0       0       0       0   -0.52       0       0       0       1       0      -1       0       0       0       0       0       0       0       0       0       0       0       0       0       0       0       0       0       0       0       0       0       0       0       0       0       0       0       0      -1       1      -1       0       0       0       0       0       0       0       0
       0       0      -1       0       1      -1       0       0       1      -1   63.49       0       0       0       0       0       0       0       0       0       0       0       0       0       1       0       0       0       0       0      -1       1       0       0       0       0       0       0       0       0       0       0       0       0       0       1       0       0       0       0       0       0       0       0       0       0
       0       0       0       0      -1       0       0       0       0       0   -2.83       0       0      -1       0      -1       1       0       0       0       0      -1       0       0       0       0       0       0       0       0       0       0       0       0       0       0       0       0       1       1       0       0      -1       0       0       0       0       1       0       0       0       0       0       0       0       0
       0       0       0       0       0       0       0       0       0       0       0       0       1       0       0       0       0       0       0       0       0       0       0       0       0       0       0       1       0       0       0       0       0       0       0       0       0       0       0       0      -1       0       0       0       0       0       0       0       0       0       0       0      -1       0       0       0
       0       0       0       0       0       0       0       0       0       0    -0.9       0       0       0       0       0       0       0       0       0       0       0       0       0       0       0       0       0       0       0       0       0       0       0       0       0       0       0       0       0       0       0       0       0       0       0       0       0       0       1       0       0       0      -1       0       0
       0       0       0       0       0       0       0       0       0       0       0       0       0       0       0       0       0       0       0       0       0       0       0       0       0       0       0       0       0       1       0       0       0       0       0       0       0       0       0       0       0       0       0       0       0       0       0       0      -1      -1       0       0       0       0       0       0
       0       0       0       0       0       1       0       0       0       0       0       0       0       0       0       0       0       0       0       0       0       0       0       0       0       0       0       1       0       0       0       0       0       0       0       0       1       0       0       0       0       0       0       0       0       0       0       0       0       0       1      -1      -1       0       0       0
       0       0       0       0       0       0       0       0       0       0       0       0       0       0       0       0       0       0       0       0       0       0      -1       0       0       0       0       0       0       0       0       0       0       0       0       0       0       0       0       0       0       0       0       0       0       0       0       0       0       0      -1       1       0       0       0       0
