       1       2      -1       0       0       0       0      -1   -1.25   -0.25       0       0       0       0       0       0       0       0      -1       1       0       0       0       0       0       0       0       0       0       0       0       0       0       0       0       0       0       0       0       0       0       0       0       0       0       0       0       0       0       0       0       0       0       0       0       0
       0      -1       0       0       0       0       0       1    0.25    0.25       0       0       0      -1       0       0       0       0       0       0       0       1       0       0       0       0       0       0       0       0       0       0       0       0       0       0       0       0       0       0       0       0       0       0       0       0       0       0       0       0       0       0       0       0       0       0
      -1      -1       0       0       0       0       0       0       0       0       0       0       0       1       0      -1       0       0       0       0       0       0       0       0       0       1       0       0       0       0       0       0       0       0       0       0       0       0       0       0       0       0       0       0       0       0       0       0       0       0       0       0       0       0       0       0
       1       1       0       0       0       0       0       0   -0.25   -0.25       0       0       0      -1       0       1       0       0       0       0       0       0       0       0       0       0       1       0       0       0       0       0       0       0       0       0       0       0       0       0       0       0       0       0       0       0       0       0       0       0       0       0       0       0       0       0
       0       0       0       0       0       0       0       0      -1       0       0       0       0       0       0       0       0       0       0       0       0       0       0       0       0       0       0       0       0       0       0       1       0       1       0       0       0       0       0       0       0       0       0       0       0       0       0       0       0       0       0       0       0       0       0       0
       0       0       0       0       0       0       0       0      -1       0       0       0       0       0       0       0       0       0       0       0       0       0       0       0       0       0       0       0       0       0       0       1       1       0       1       0       0       0       0       0       0       0       0       0       0       0       0       0       0       0       0       0       0       0       0       0
      -1       0       0       0       0      -2       2      -1      -3      -1       0       3      -1       0       0       0       0      -1       2       0      -1       0       0       0       0       0       0       1      -1       0       0       0       1       0       0      -1       1       0       0       0       0       0       0       0       0       0       0       0       0       0       0       0       0       0       0       0
       0      -2      -1       1       0       1      -1       2       1       1       0      -2       1       0       0       0       0       1      -1       0       1       0       0       0       0       0       0      -1       1       0       0       0      -1       0       0       1       0       1       0       0       0       0       0       0       0       0       0       0       0       0       0       0       0       0       0       0
       1       1      -1       0       0       1      -1       0    0.75    0.75       0      -2       1       1       0       0       0       0      -2       0       0       0       0       0       0       0       0      -1       1       0       0       0       0       0       0       0       0       0       1       0       0       0       0       0       0       0       0       0       0       0       0       0       0       0       0       0
       0       0       0       0       0       1      -2       0    1.75    0.75       0      -2       1       1       0       0       0       1      -1       0       1       0       0       0       0       0       0      -1       1       0       0       0      -1       0       0       0       0       0       0       1       0       0       0       0       0       0       0       0       0       0       0       0       0       0       0       0
      -1      -1       1       0       0       0       0       0    2.25    1.25       0       0       1       0       0       0       0       0       1       0       0       0       0       0       0       0       0       0       0       0       0       0       0       0       0       0       0       0       0       0       1       0       0       0       0       0       0       0       0       0       0       0       0       0       0       0
       1       1      -1       0       0       0       1       0      -1       0       0       0       0       0       0       0       0      -1      -1       0      -1       0       0       0       0       0       0       0       0       0       0       0       1       0       0       0       0       0       0       0       0       1       0       0       0       0       0       0       0       0       0       0       0       0       0       0
       1       0       0       0       0       0       0       1    0.25    0.25       0      -1       0      -1       0       0       0       0      -1       0       0       0       0       0       0       0       0       0       0       0       0       0       0       0       0       0       0       0       0       0       0       0       1       0       0       0       0       0       0       0       0       0       0       0       0       0
       0       0       0       0       0       0       0       0      -1       0       0       0       0       0       0       0       0       0       0       0       0       0       0       0       1       0       0       0       0       0       0       0       0       0       0       0       0       0       0       0       0       0       0       1       0       0       0       0       0       0       0       0       0       0       0       0
       0       0       0       0      -1       0       0       0       4       0       0       0       0       2       2       0       1       0       2       0       0       0       0       1      -1       0       0       0       0       0       2       0       0       0       0       0       0       0       0       0       0       0       0       0       1       0       0       0       0       0       0       0       0       0       0       0
      -1      -3       0       1       1       0       0       2   -1.75    0.25       0       0       0      -1       0       0       0       1       1       0       1       0       0       0       0       0       0       0       0       0       0       0      -1       0       0       1       0       0       0       0       0       0       0       0       0       1       0       0       0       0       0       0       0       0       0       0
       1       3       0      -1      -1       0       0      -2    0.75   -0.25       0       0       0       1       0       0       0      -1      -1       0      -1       0       0       0       0       0       0       0       0       0       0       0       1       0       0      -1       0       0       0       0       0       0       0       0       0       0       1       0       0       0       0       0       0       0       0       0
       0       0       0       0       1       0       0       0      -1       0       0       0       0       0       0       0       0       0       0       0       0       0       0       0       0       0       0       0       0       0       0       0       0       0       0       0       0       0       0       0       0       0       0       0       0       0       0       1       0       0       0       0       0       0       0       0
      -1      -1       1       0       0      -1       1       0   -0.25   -0.25       0       1       0       0       0       0       0       0       1       0       0       0      -1       0       0       0       0       0       0       0       0       0       0       0       0       0       0       0       0       0       0       0       0       0       0       0       0       0       0       0       1       0       0       0       0       0
       1       1      -1       0       0       1      -1       0    -0.5    -0.5       0      -1       0       0       0       0       0       0      -1       0       0       0       1       0       0       0       0       0       0       0       0       0       0       0       0       0       0       0       0       0       0       0       0       0       0       0       0       0       0       0       0       1       0       0       0       0
       0       0       0       0       0       0       0       0       0       0       0       0       0       0       0       0       0       0       0       0       0       0       0       0       0       0       0       1       0       0       0       0       0       0       0       0       0       0       0       0       0       0       0       0       0       0       0       0       0       0       0       0       1       0       0       0
   19.41   15.57  -24.85   -4.95    9.39       0   38.52    3.84 -222.25   -13.5    2.77    0.46       0  -12.18   -2.89       0    5.05  -46.46    2.67       0  -31.36       0       0     0.8    -0.8       0       0       0       0    4.49    1.25    0.71   32.06       0       0   -4.95       0       0       0       0       0       0       0       0       0       0       0       0       1    3.49       0       0       0       1       0       0
      -1      -1       1       0       0       0      -1       0     0.5    -0.5       0       0       0       0       0       0       0       1       1       0       1       0       0       0       0       0       0       0       0       0       0       0      -1       0       0       0       0       0       0       0       0       0       0       0       0       0       0       0       0       0       0       0       0       0       1       0
  -22.41  -21.57   27.85    4.95  -11.39       0  -44.52   -0.84     235   14.25   -2.77   -3.46       0   17.18    7.89       0   -2.05   52.46    5.33       0   37.36       0       0     1.2    -1.2       0       0       0       0   -1.49    3.75   -0.71  -38.06       0       0    4.95       0       0       0       0       0       0       0       0       0       0       0       0       1   -2.49       0       0       0       0       0       1
