       1    -0.5     1.5       2       1       0       0       0       0       0       0       0       0       0       0       0       0       0       0       0       0       0       0       0       0       0
      -2       2       0      -2       0       1       0       0       0       0       0       0       0       0       0       0       0       0       0       0       0       0       0       0       0       0
      -1     0.5    -0.5      -1       0       0       0       0       0       0       1       0       0       0       0       0       0       0       0       0       0       0       0       0       0       0
      -1     0.5    -0.5      -1       0       0       0       0       0       0       0       0       1       0       0       0       0       0       0       0       0       0       0       0       0       0
       0       0       0       0       0       0       0      -1       1       0       0       0       0      -1       1       0       0       0       0       0       0       0       0       0       0       0
      -1     0.5    -0.5      -1       0       0       0       0       0       0       0       1       0       0       0       1       0       0       0       0       0       0       0       0       0       0
       0       0       0       0       0       0       0       1      -1       0       0       0       0       0       0       0      -1       1       0       0       0       0       0       0       0       0
      -3    2.83    1.83    1.67       0       0       1      -1       2   -2.67       0      -4       0    0.33       0       0       1       0       1       0       0       0       0       0       0       0
      -2       1       0       0       0       0       0       0       0      -1       0      -1       0       0       0       0       0       0       0       1       0       0       0       0       0       0
       1    -0.5     0.5       1       0       0       0       0       0       0       0       1       0      -1       0       0       0       0       0       0       1       0       0       0       0       0
      -3    0.83   -0.17   -0.33       0       0       0       0       0   -0.67       0      -1       0    0.33       0       0       0       0       0       0       0       1       0       0       0       0
       1    -0.5     0.5       1       0       0       0       0       0       0       0       0       0      -1       0       0       0       0       0       0       0       0       1       0       0       0
      -1     0.5    -0.5      -1       0       0       0       1      -1       0       0       1       0       0       0       0       0       0       0       0       0       0       0       1       0       0
       1    -1.5     0.5       1       0       0       0       0       0       1       0       1       0       0       0       0       0       0       0       0       0       0       0       0       1       0
      -3    1.83    0.83    0.67       0       0       1      -1       2   -1.67       0      -3       0    0.33       0       0       1       0       0       0       0       0       0       0       0       1
