       0       0       0       0     0.5       0       0       0   -0.25     0.5       0    -0.5       0       1       0       0       0       0       0       0       0       0       0       0       0       0       0       0       0       0       0       0       0       0       0       0       0       0       0       0       0       0       0       0       0       0       0       0
       0       0       0       0     0.5       0       0       0   -0.25     0.5       1     0.5       0       0       1       1       0       0       0       0       0       0       0       0       0       0       0       0       0       0       0       0       0       0       0       0       0       0       0       0       0       0       0       0       0       0       0       0
       0       0       0       0       1       0       0       0    -0.5       1       1       1      -1       0       1       0       1       1       1       0       0       0       0       0       0       0       0       0       0       0       0       0       0       0       0       0       0       0       0       0       0       0       0       0       0       0       0       0
       0       0       0       0     0.5       0       0       0   -0.25     0.5       1     0.5       0       0       1       0       1       1       0       1       0       0       0       0       0       0       0       0       0       0       0       0       0       0       0       0       0       0       0       0       0       0       0       0       0       0       0       0
       0       0       0       0     0.5       0       0       0   -0.25     0.5       1     0.5       0       0       1       0       1       1       0       0       1       0       0       0       0       0       0       0       0       0       0       0       0       0       0       0       0       0       0       0       0       0       0       0       0       0       0       0
       0       0       0       0    -0.5       0       0       0    0.25    -0.5       0    -0.5       1       0       0       0       0       0       0       0       0       1       0       0       0       0       0       0       0       0       0       0       0       0       0       0       0       0       0       0       0       0       0       0       0       0       0       0
       0       0       0       0    -0.5       0       0       0    0.25    -0.5       0    -0.5       1       0       0       0       0       0       0       0       0       0       0       1       0       0       0       0       0       0       0       0       0       0       0       0       0       0       0       0       0       0       0       0       0       0       0       0
       0       0       0       0     0.5       0       0       0   -0.25     0.5       0     0.5      -1       0       0       0       0       0       0       0       0       0       0       0       1       0       0       0       0       0       0       0       0       0       0       0       0       0       0       0       0       0       0       0       0       0       0       0
       0      -1       0       1     1.5       1       1      -1   -1.25     1.5       2     1.5       0       0       2       0       2       2       0       0       0       0       2       0       0       1       1       0       0       0       0       0       0       0       0       0       0       0       0       0       0       0       0       0       0       0       0       0
       0      -1       0       1      -1       0       0       1     0.5      -1      -1      -1       0       0      -1       0      -1      -1       0       0       0       0      -1       0       0       1       0       1       0       0       0       0       0       0       0       0       0       0       0       0       0       0       0       0       0       0       0       0
       0       0       0       0    -1.5      -1      -1       1    0.75    -1.5      -2    -1.5       0       0      -2       0      -2      -2       0       0       0       0      -2       0       0       0       0       0       1       0       0       0       0       0       0       0       0       0       0       0       0       0       0       0       0       0       0       0
       0      -1       1       0       0       0       0       0    -0.5       0       0       0       0       0       0       0       0       0       0       0       0       0       0       0       0       0       0       0       0       1       0       0       0       0       0       0       0       0       0       0       0       0       0       0       0       0       0       0
       0      -1       0       0       0       0       0       0    -0.5       0       0       0       0       0       0       0       0       0       0       0       0       0       0       0       0       0       0       0       0       0       1       0       0       0       0       0       0       0       0       0       0       0       0       0       0       0       0       0
       0       0       0       0       0       0       0       0    -0.5       0       0       0       0       0       0       0       0       0       0       0       0       0       0       0       0       0       0       0       0       0       0       1       0       0       0       0       0       0       0       0       0       0       0       0       0       0       0       0
       0       0       0       0       1       0       0       0    -0.5       0       0       0       0       0       0       0       0       0       0       0       0       0       0       0       0       0       0       0       0       0       0       0       1       0       0       0       0       0       0       0       0       0       0       0       0       0       0       0
       0       0       0       0     0.5       0       0       0   -0.25     0.5       0     0.5       0       0       0       0       0       0       0       0       0       0       0       0       0       0       0       0       0       0       0       0       0       1       0       0       0       0       0       0       0       0       0       0       0       0       0       0
       0       0       0       0     0.5       0       0       0   -0.25     0.5       0    -0.5       0       0       0       0       0       0       0       0       0       0       0       0       0       0       0       0       0       0       0       0       0       0       1       0       0       0       0       0       0       0       0       0       0       0       0       0
       0       0       0       0     0.5       0       0       0   -0.25     0.5       1     0.5       0       0       0       0       0       0       0       0       0       0       0       0       0       0       0       0       0       0       0       0       0       0       0       1       0       0       0       0       0       0       0       0       0       0       0       0
       0       0       0       0     0.5       0       0       0   -0.25     0.5       1     0.5       0       0       1       0       0       0       0       0       0       0       0       0       0       0       0       0       0       0       0       0       0       0       0       0       1       0       0       0       0       0       0       0       0       0       0       0
       0       0       0       0     0.5       0       0       0   -0.25     0.5       1     0.5       0       0       1       0       1       0       0       0       0       0       0       0       0       0       0       0       0       0       0       0       0       0       0       0       0       1       0       0       0       0       0       0       0       0       0       0
       0       0       0       0     0.5       0       0       0   -0.25     0.5       1     0.5       0       0       1       0       1       1       0       0       0       0       0       0       0       0       0       0       0       0       0       0       0       0       0       0       0       0       1       0       0       0       0       0       0       0       0       0
       0      -1       0       1       0       0       0       0    -0.5       0       0       0       0       0       0       0       0       0       0       0       0       0       0       0       0       1       0       0       0       0       0       0       0       0       0       0       0       0       0       1       0       0       0       0       0       0       0       0
       0       0       0       0    -1.5      -1      -1       1    0.75    -1.5      -2    -1.5       0       0      -2       0      -2      -2       0       0       0       0      -2       0       0       0       0       0       0       0       0       0       0       0       0       0       0       0       0       0       1       0       0       0       0       0       0       0
       0       0       0       0       1       0       0      -1      -1       1       1       1       0       0       1       0       1       1       0       0       0       0       1       0       0       0       0       0       0       0       0       0       0       0       0       0       0       0       0       0       0       1       0       0       0       0       0       0
       0       0       0       0      -1      -1       0       0       0      -1      -1      -1       0       0      -1       0      -1      -1       0       0       0       0      -1       0       0       0       0       0       0       0       0       0       0       0       0       0       0       0       0       0       0       0       1       0       0       0       0       0
       0       0       0       0    -0.5       0       0       0    0.25    -0.5       0    -0.5       1       0       0       0       0       0       0       0       0       0       0       0       0       0       0       0       0       0       0       0       0       0       0       0       0       0       0       0       0       0       0       1       0       0       0       0
       0      -1       0       1       0       0       0       0    -0.5       0       0       0       0       0       0       0       0       0       0       0       0       0       0       0       0       0       0       0       0       0       0       0       0       0       0       0       0       0       0       0       0       0       0       0       1       0       0       0
       0       0       0       0    -0.5       0       0       0    0.25    -0.5      -1    -0.5       0       0      -1       0      -1      -1       0       0       0       0      -1       0       0       0       0       0       0       0       0       0       0       0       0       0       0       0       0       0       0       0       0       0       0       1       0       0
       0      -1       1       0       0       0       0       0    -0.5       0       0       0       0       0       0       0       0       0       0       0       0       0       0       0       0       0       0       0       0       0       0       0       0       0       0       0       0       0       0       0       0       0       0       0       0       0       1       0
       1      65       0       0      65       0       0       0       0      65      65      65     -65       0      65       0      65      65       0       0       0       0       0       0       0       0       0       0       0       0       0       0       0       0       0       0       0       0       0       0       0       0       0       0       0       0       0       1
