       0       0       0       0     0.5       0       0       0   -0.25     0.5       0    -0.5       0       1       0       0       0       0       0       0       0       0       0       0       0       0       0       0       0       0       0       0       0       0       0       0       0       0       0       0       0       0       0       0       0       0       0
       0       0       0       0     0.5       0       0       0   -0.25     0.5       1     0.5       0       0       1       1       0       0       0       0       0       0       0       0       0       0       0       0       0       0       0       0       0       0       0       0       0       0       0       0       0       0       0       0       0       0       0
    0.02       1       0       0       1       0       0       0       0       1       1       1      -1       0       1       0       1       1       0       0       0       0       0       0       0       0       0       0       0       0       0       0       0       0       0       0       0       0       0       0       0       0       0       0       0       0       0
   -0.02      -1       0       0       0       0       0       0    -0.5       0       0       0       0       0       0       0       0       0       1       0       0       0       0       0       0       0       0       0       0       0       0       0       0       0       0       0       0       0       0       0       0       0       0       0       0       0       0
   -0.02      -1       0       0    -0.5       0       0       0   -0.25    -0.5       0    -0.5       1       0       0       0       0       0       0       1       0       0       0       0       0       0       0       0       0       0       0       0       0       0       0       0       0       0       0       0       0       0       0       0       0       0       0
   -0.02      -1       0       0    -0.5       0       0       0   -0.25    -0.5       0    -0.5       1       0       0       0       0       0       0       0       1       0       0       0       0       0       0       0       0       0       0       0       0       0       0       0       0       0       0       0       0       0       0       0       0       0       0
       0       0       0       0    -0.5       0       0       0    0.25    -0.5       0    -0.5       1       0       0       0       0       0       0       0       0       1       0       0       0       0       0       0       0       0       0       0       0       0       0       0       0       0       0       0       0       0       0       0       0       0       0
       0       0       0       0    -0.5       0       0       0    0.25    -0.5       0    -0.5       1       0       0       0       0       0       0       0       0       0       0       1       0       0       0       0       0       0       0       0       0       0       0       0       0       0       0       0       0       0       0       0       0       0       0
       0       0       0       0     0.5       0       0       0   -0.25     0.5       0     0.5      -1       0       0       0       0       0       0       0       0       0       0       0       1       0       0       0       0       0       0       0       0       0       0       0       0       0       0       0       0       0       0       0       0       0       0
   -0.03      -3       0       1    -0.5       1       1      -1   -1.25    -0.5       0    -0.5       2       0       0       0       0       0       0       0       0       0       2       0       0       1       1       0       0       0       0       0       0       0       0       0       0       0       0       0       0       0       0       0       0       0       0
    0.02       0       0       1       0       0       0       1     0.5       0       0       0      -1       0       0       0       0       0       0       0       0       0      -1       0       0       1       0       1       0       0       0       0       0       0       0       0       0       0       0       0       0       0       0       0       0       0       0
    0.03       2       0       0     0.5      -1      -1       1    0.75     0.5       0     0.5      -2       0       0       0       0       0       0       0       0       0      -2       0       0       0       0       0       1       0       0       0       0       0       0       0       0       0       0       0       0       0       0       0       0       0       0
       0      -1       1       0       0       0       0       0    -0.5       0       0       0       0       0       0       0       0       0       0       0       0       0       0       0       0       0       0       0       0       1       0       0       0       0       0       0       0       0       0       0       0       0       0       0       0       0       0
       0      -1       0       0       0       0       0       0    -0.5       0       0       0       0       0       0       0       0       0       0       0       0       0       0       0       0       0       0       0       0       0       1       0       0       0       0       0       0       0       0       0       0       0       0       0       0       0       0
       0       0       0       0       0       0       0       0    -0.5       0       0       0       0       0       0       0       0       0       0       0       0       0       0       0       0       0       0       0       0       0       0       1       0       0       0       0       0       0       0       0       0       0       0       0       0       0       0
       0       0       0       0       1       0       0       0    -0.5       0       0       0       0       0       0       0       0       0       0       0       0       0       0       0       0       0       0       0       0       0       0       0       1       0       0       0       0       0       0       0       0       0       0       0       0       0       0
       0       0       0       0     0.5       0       0       0   -0.25     0.5       0     0.5       0       0       0       0       0       0       0       0       0       0       0       0       0       0       0       0       0       0       0       0       0       1       0       0       0       0       0       0       0       0       0       0       0       0       0
       0       0       0       0     0.5       0       0       0   -0.25     0.5       0    -0.5       0       0       0       0       0       0       0       0       0       0       0       0       0       0       0       0       0       0       0       0       0       0       1       0       0       0       0       0       0       0       0       0       0       0       0
       0       0       0       0     0.5       0       0       0   -0.25     0.5       1     0.5       0       0       0       0       0       0       0       0       0       0       0       0       0       0       0       0       0       0       0       0       0       0       0       1       0       0       0       0       0       0       0       0       0       0       0
       0       0       0       0     0.5       0       0       0   -0.25     0.5       1     0.5       0       0       1       0       0       0       0       0       0       0       0       0       0       0       0       0       0       0       0       0       0       0       0       0       1       0       0       0       0       0       0       0       0       0       0
       0       0       0       0     0.5       0       0       0   -0.25     0.5       1     0.5       0       0       1       0       1       0       0       0       0       0       0       0       0       0       0       0       0       0       0       0       0       0       0       0       0       1       0       0       0       0       0       0       0       0       0
   -0.02      -1       0       0    -0.5       0       0       0   -0.25    -0.5       0    -0.5       1       0       0       0       0       0       0       0       0       0       0       0       0       0       0       0       0       0       0       0       0       0       0       0       0       0       1       0       0       0       0       0       0       0       0
       0      -1       0       1       0       0       0       0    -0.5       0       0       0       0       0       0       0       0       0       0       0       0       0       0       0       0       1       0       0       0       0       0       0       0       0       0       0       0       0       0       1       0       0       0       0       0       0       0
    0.03       2       0       0     0.5      -1      -1       1    0.75     0.5       0     0.5      -2       0       0       0       0       0       0       0       0       0      -2       0       0       0       0       0       0       0       0       0       0       0       0       0       0       0       0       0       1       0       0       0       0       0       0
   -0.02      -1       0       0       0       0       0      -1      -1       0       0       0       1       0       0       0       0       0       0       0       0       0       1       0       0       0       0       0       0       0       0       0       0       0       0       0       0       0       0       0       0       1       0       0       0       0       0
    0.02       1       0       0       0      -1       0       0       0       0       0       0      -1       0       0       0       0       0       0       0       0       0      -1       0       0       0       0       0       0       0       0       0       0       0       0       0       0       0       0       0       0       0       1       0       0       0       0
       0       0       0       0    -0.5       0       0       0    0.25    -0.5       0    -0.5       1       0       0       0       0       0       0       0       0       0       0       0       0       0       0       0       0       0       0       0       0       0       0       0       0       0       0       0       0       0       0       1       0       0       0
       0      -1       0       1       0       0       0       0    -0.5       0       0       0       0       0       0       0       0       0       0       0       0       0       0       0       0       0       0       0       0       0       0       0       0       0       0       0       0       0       0       0       0       0       0       0       1       0       0
    0.02       1       0       0     0.5       0       0       0    0.25     0.5       0     0.5      -1       0       0       0       0       0       0       0       0       0      -1       0       0       0       0       0       0       0       0       0       0       0       0       0       0       0       0       0       0       0       0       0       0       1       0
       0      -1       1       0       0       0       0       0    -0.5       0       0       0       0       0       0       0       0       0       0       0       0       0       0       0       0       0       0       0       0       0       0       0       0       0       0       0       0       0       0       0       0       0       0       0       0       0       1
