       0      -1       1       0       0       0       0       0       0       0       0       0       0       0       0       0       0       0       0       0       0       0       0       0       0       0       0       0       0       0       0       0       0       0       0       0       0       0       0       0       0
       0      -1       0       1       0       0       0       0       0       0       0       0       0       0       0       0       0       0       0       0       0       0       0       0       0       0       0       0       0       0       0       0       0       0       0       0       0       0       0       0       0
       0      -1       0       0       1       0       0       0       0       0       0       0       0       0       0       0       0       0       0       0       0       0       0       0       0       0       0       0       0       0       0       0       0       0       0       0       0       0       0       0       0
       0      -1       0       0       0       0       0       0       0       0       0       0       0       1       0       0       0       0       0       0       0       0       0       0       0       0       0       0       0       0       0       0       0       0       0       0       0       0       0       0       0
       0       0       0       0       0       0       0       0       0       0       0       0       0       0       0       0      -1       1       1       0       0       0       0       0       0       0       0       0       0       0       0       0       0       0       0       0       0       0       0       0       0
       0      -1       0       0       0       0       0       0       0       0       1       0       0       0       0       0       0       0       0       0       0       0      -1       1       1       0       0       0       0       0       0       0       0       0       0       0       0       0       0       0       0
       0      -1       0       0       0       0       0       0       0       0       1       0       0       0       1       0       0       0       0       0       0       0       0       0       0       1       0       0       0       0       0       0       0       0       0       0       0       0       0       0       0
       0       0       0       0       0       0       0       0       0       0       0       0       0       0       0       0       0       0       0       0      -1       1       0       0       0       0       0       0       1       0       0       0       0       0       0       0       0       0       0       0       0
       0       0       0       0       0      -1      -1      -1       0       0       2       0       0       0       0       0       0       0       0       0       0       0       0       0       0       0       0       0       0       0       0       1       0       0       0       0       0       0       0       0       0
       0      -1       0       0       0       0       0       0       0       0       0       0       0       0       0       0       0       0       0       0       0       0       0       0       0       0       0       0       0       0       0       0       1       0       0       0       0       0       0       0       0
       0       0       0       0       0      -1       0       0       0       0       1      -1      -1       0       0       0       0       0       0       0       0       0       0       0       0       0       0       0       0       1      -1       0       0       1       0       0       0       0       0       0       0
       0       1       0       0       0      -1       0       0       0      -1       0       0       0       0       0       0       0       0       0       0       0       0       0       0       0       0       0       0       0       0       0       0       0       0      -1       1       0       0       0       0       0
       0       0       0       0       0       0       0       0       0       0       0       0       0       0       0       0       0       0       0       0       0       0       0       0       0       0       1      -1       0       0       0       0       0       0       0       0       0       1       0       0       0
       0   -0.28       0       0       0   -0.08    0.02    0.01    0.68    -0.1   -0.33       0       0       0    0.53   -0.03       0       0       0   -0.01       0   -0.01    0.03      -0       0       0       0       0       0    0.11       0       0       0       0    0.48       0   -0.03       0   -0.01       1       0
   -0.01    0.57       0       0       0    0.16   -0.03   -0.01    0.63    0.19   -1.35      -0      -0       0   -1.05    2.05      -0      -0       0    1.02       1    0.01   -0.06    0.01       0       0      -0      -0       0   -0.22      -0       0       0       0    1.05       0    2.06       0    1.02       0       1
