   -0.15       0       0       0       0       0       0       0       0       0       0       1       0       0       0       0       0       0       0       0       0       0       0       0       0       0       0       0       0       0       0       0       0       1       0       0       0       0       0       0       0
    4.79       0       0       0       0       0       0       0       0       0       0       0       0       0       0       0       0       0       0       0       0       0      -1      -1       0       0       0       0       0       0       0       0       0       0       0       0       0       0       0       0       0
   22.17       0       0       0       0       0       0       0      -1      -1       0       0       0       0       0       0       0       0       0       0       0       0       0       0       0       0       0       0       0       0       0       0       0       0       1       0       0       0       0       0       0
    0.08       0       0       0       0      -1       1       0       0       1       0       0       1       0       0       0       0       0       0       0       0       0       0       0       0       0       0       0       0       0       0       0       0       0       0       0       0       0       0       0       0
   19.43       0       0       0       0       1      -1       0       0       0       0       0       0       0       0       0       0       0       0       0       0       0       0       0       0       0       0       0       0       0      -1       0       0       0       0       1       0       0       0       0       0
 -198.73       0       0       0       0       0       0      -2       0       0      -1       0       0       0       1      -1       0       0       0       1       1       0       0       0       1       0       1       0       1       1       0       0       0       0       0       0      -1      -1       0       0       0
    -1.5       0       0       0       0       0       0       0       0       0       0       0       0       0       0       0       0       0       0       0       0      -1       0       0       0       0       0       0       1       0       0       0       0       0       0       0       0       0       0       0       0
    5.59       0       0       0       0       0       0       0       0       0       0       1       0       0       0       0       0       0       0       0       0       0      -1       0      -1       0       0       0       0       0       0       0       0       1       0       0       0       0       0       0       0
    1.83       0       0       0       0       0      -1       1       0       0       0       0       0       0       0       0      -1       0      -1       0       0       0       0       0       0       0       0       0       0       0       0       0       0       0       0       0       0       0       0       0       0
  196.91       0       0       0       0       0       1       1       0       0       1       0       0       0      -1       1       1       0       1      -1      -1       0       0       0      -1       0      -1      -1      -1      -1       0       0       0       0       0       0       1       0       0       0       0
  104.93       0       0       0       0       0       0       0       0       0       0       0       0       0       0       0       5       4       1       0       0       0       0       0       0       0       0       0       0       0       0       0       0       0       1       1       0       0       0      -1       0
  -19.43       0       0       0       0      -1       1       0       0       0       0       0       0       0       0       0       6       4       2       0       0       0       0       0       0       0       0       0       0       0       1       0       0       0       0      -1       0       0       0       0       0
   -0.99       0       0       0       0       0       0       0       0       0       0       0       0       0       0       0       0       0       0      -1       1       1       0       0       0       0       0       0       0       0       0       0       0       0       0       0       0       0       0       0       0
       0       0       0       0       0       0       0       0       0       0       0       0       0       0       0       0       0       0       0       0      -1       0       0       0       0       0       0       0      -1       0       0       0       0       0       0       0       0       0       0       0       1
    3.15       0       0       0       0       0      -1       0       0       0       0       0       0       0       0       0      -1       0      -1       0       0       0       0       0       0       0       0       0       0       0       0      -1       0       0       0       0       0       0       0       0       0
      -0       0       0       0       0       0       0       0       0       0       0       0       0       0       0       0       0       0       0       0       0       0       0       0       0       0       1       1       0       0       0       0       0       0       0       0       0       0       0       0       0
   -0.21       0       0       0       0       0       0       0       0       0       0       0       0       0       0      -1       0       0       0       1       0       0       0       0       0       0       0       0       0       0       0       0       0       0       0       0       0       0       1       0       0
  -105.3       0       0       0       0       0       0       0       0       0       0       0       0       0       1       0       0       0       0       1       0       0       0       0       0      -1       0       0       0       0       0       0       0       0       0       0       0       0      -1       0       0
    0.04       0       0       0       0       0       0       0       0       0       0      -1       1       0       0       0       0       0       0       0       0       0       0       0       0       0       0       0       0       0       0       0       0       0       0       0       0       0       0       0       0
   22.53       0       0       0       0       0       0       0       0       0       0       0       0       0       0       0       0       0       0       0       0       0       0       0       0       0       0       0       0      -1      -1       0       0       0       0       0       0       0       0       0       0
  -22.34       0       0       0       0       0       0       0       0       0       0       0       0       0       0       0       0       0       0       0       0       0       0       0       0       0       0       0       0       1       0       0       0      -1       0       0       0       0       0       0       0
       0       0       0       0       0       0       0       0       0       0       0       0       0       0       0       0      -5      -4      -1       0       0       0       0       0       0       0       0       0       0       0       0       0       0       0       0       0       0       0       0       0       0
  -84.18       1       1       1       1       0       0       0       1       0       0       0       0       1       0      -1       0       0       0       0       0       0       0       1       0       1       0       0       0       0       0       0       1       0       0      -1       0       0       0       0       0
   23.07      -1      -1      -1      -1       0       0       0       0      -1       0       0       0      -1      -1       0      10       8       2       0       0       0       1       0       0       0       0       0       0       0       0       0      -1       0       0       0       0       0       0       0       0
 -198.24       0       0       0       0       0       0       0       0       0      -1       0       0       0       1      -1       0       0       0       0       0       0       0       0       1       0       0       0       0       1       0       2       0       0       0       0       0       0       0       0       0
   -0.42       0       0       0       0       0       0       0       0       0       0       0       0       0       0       1       0       0       0       0       0       0       0       0       0       0       0       0       0       0       0       0       0       0       0       0      -1       0       0       0       0
