       0       0       1    -0.5       1       0       0       0     0.5       1     1.5     0.5       1       0       0       0       0       0       0       0       0       0       0       0       0       0       0       0       0       0       0       0       0       0       0
       0       0      -1       1       0       0       0       0       0       0       0       0       0       1       0       0       0       0       0       0       0       0       0       0       0       0       0       0       0       0       0       0       0       0       0
       0       0       1      -1       0       0       0       0       0      -1      -1       0       0       0       1       0       0       0       0       0       0       0       0       0       0       0       0       0       0       0       0       0       0       0       0
       0       1       0       0      -1       1       0       0       0       0       0       0       0       0       0       1       0       0       0       0       0       0       0       0       0       0       0       0       0       0       0       0       0       0       0
       0       0       0       0       0       0       0       0       0       0       0       0       0       0       0       0       0       0       1       1       0       0       0       0       0       0       0       0       0       0       0       0       0       0       0
       0    -0.5       1   -0.92       0       0       0       1   -0.42      -1   -1.08   -0.08       0       0       0       0       0      -1       0       0       0       1       1     0.5       1       0       0       0       0       0       0       0       0       0       0
       0     0.5      -1    0.92       0       0       0      -1    0.42       0    0.08    0.08       0       0       0       0       0       1       0       0       0      -1      -1    -0.5       0       1       0       0       0       0       0       0       0       0       0
       0       0       0       0      -2       1       1       2       0       1       1       0       0       0       0       0       0       0       0       0       0       0       0       0       0       0       1       0       0       0       0       0       0       0       0
    -0.5      -3       0    0.17       9      -7       0      -9   -0.83      -2   -2.17   -0.17       0       0       0       0      -2      -2      -2       0      -2      -2       0       1       0       0       0       1       0       0       0       0       0       0       0
    0.25    0.25       0   -0.12      -1     0.5       0       1    0.62     0.5    0.62    0.12       0       0       0       0     0.5     0.5     0.5       0     0.5     0.5       0   -0.75       0       0       0       0       1       0       0       0       0       0       0
    0.75    2.25       0   -0.12      -6     4.5       0       6    0.62     2.5    2.62    0.12       0       0       0       0     1.5     1.5     1.5       0     1.5     1.5       0   -0.75       0       0       0       0       0       1       0       0       0       0       0
       0       0       0       0       0       0       0       0       0      -1      -1       0       0       0       0       0       0       0       0       0       0       0       0       0       0       0       0       0       0       0       1       0       0       0       0
       0     0.5       0    0.08      -1       1       0       1   -0.42       0   -0.08   -0.08       0       0       0       0       0       0       0       0       1       1       0     0.5       0       0       0       0       0       0       0       1       0       0       0
       0    -0.5       0    0.08       0       0       0       1   -0.42      -1   -1.08   -0.08       0       0       0       0       0      -1       0       0       0       0       1     0.5       0       0       0       0       0       0       0       0       1       0       0
       0    -0.5       0    0.08       2      -2       1      -3   -0.42      -1   -1.08   -0.08       0       0       0       0      -1      -1      -1       0      -1      -1       0     0.5       0       0       0       0       0       0       0       0       0       1       0
       0       0       0       0       2      -1      -1      -2       0      -2      -2       0       0       0       0       0       0       0       0       0       0       0       0       0       0       0       0       0       0       0       0       0       0       0       1
