       1      -1       1       0       0       1       0       0       0       0       0       0       0       0       0       0       0       0       0       0       0       0       0       0       0       0       0       0       0
       0       0       0       0       0       0       0       0       0       0       0       0       0    0.75   -0.25       1       0       0       0       0       0       0       0       0       0       0       0       0       0
       0       0       0       0       0       0      -4       0      -3       0       0       0       0       0       0       0       0       1       0       0       0       0       0       0       0       0       0       0       0
       0       0       0       0       0       0       0       0       0      -1       0       0       1       0       0       0       1       0       1       0       0       0       0       0       0       0       0       0       0
       0       0       0       0       0       0       0       0       0       1       1       1       0    0.25    0.25       0      -1       0       0      -1      -1       1       1       0       0       0       0       0       0
       1      -1       0      -1       0       0       0       0      -1       1       1       1       0    0.25    0.25       0      -1       0       0      -1      -1       1       0      -1       1       0       0       0       0
       0       0       0       0       1       0       1       0       0       0       0       0       0       0       0       0       0       0       0       0      -1       0       0      -1       0       1       0       0       0
       0      -1       0       0       0       0       0       0      -1       0       0       0       0       0       0       0       0       0       0       0       0       0       0      -1       0       0       1       0       0
       0       0       0       0       0       0       0       0       0       0       0      -1       0    0.75   -0.25       0       0       0       0       0       1      -1       0       0       0       0       0       1       0
       0       0       0       0       0       0       0       0       0      -1       0      -1       0   -0.25   -0.25       0       0       0       0       0       1      -1       0       0       0       0       0       0       1
