   -0.01       0       0       0       0       0       0       0       0       0       0       0       0       0       0       0       0       0       0       0       1       1       0
   36.85       0       0       0       0       0       0       0      -1      -1       0       0       0       0       1       1       0       0       0       0       0       0       0
     -67       0       0       0       0       0       0       0       0       0       0       0       0       0       0       0       1       1       0       0       0       0       0
       0       0       0       0       0       0       0       0       0       0       0       1       0       0       0       0       0       0       0      -1       0       0       0
   37.75       0       0       0       0       0       0       0      -1      -1       0       0       0       0       0       0       0       0       0       0       0       0       0
       0       0      -1       0      -1      -1       0       0       0       0       0       0       0       0       0       0       0       0       0       0       0       0       0
       0       0       1       0       1       1       0       0       0       0       0      -1      -1       0       0       0       0       0       0       0       0       0       0
    -0.9       0       1       3       0       1       1       2       0       0       0       0       0       0       1       1       0       0       0       0       0       0       0
      -0       1       0       0       0       0       0       0       0       0       0       0       0       0       0       0       0       0       1       0       0       0       0
       0       0      -1       0       0       0      -1       0       0       0       0       0       0       0       0       0       0       0       0       0       0       0       0
     0.1       0       0       0       0       0       0       0       0       0      -1       0       0      -1       0       0       0       0       0       0       0       0       0
       0       0       1      -1       1       0       0       0       0       0       0       0       0       0       0       0       0       0       0       0       0       0       0
   27.07       0       0       0       0       0       0       0       1       0       0       0       0       0      -1       0      -1       0       0       0       1       0       0
    2.91       1       2       6       0       2       2       4       0       1       1       0       0       0       0      -1       0      -1       1       0       0       1       1
