1  1  1  1  1  1  1  1  1  1  1  1  1  1  1  1  1  1  1  1  1  1  1  1  1  1  1  1  1  1  1  1  1  1  0  0  0  0  0  0  0  0  0  0  0  0  0  0  0  0  0

-0.11488           0           1           1           0           0           0           0           0           0           0           0           0           0           0           0           0           0           0           0           0          -1           0           0           0           0           0           0           0           0           0           0           0           0           0          -1           0           0           0           0           0           0           0           0           0           0           0           0           0           0           0
-0.040046           0           0           0           0           0           0           0           0           0           0           0           1          -1           0           0           0           0           0           0           0           0           0           0           0           0           0           0           0           0           0           0           0           0           0           1           0           0           0           0           0           0           0           0           0           1           1           0           0           0           0
0  0  0  0  0  0  0  0  0  0  0  0 -1  1  0  0  0  0  0  0  0  0  0  0  0  0  0  0  0  0  0  0  0  0  0  0 -1  0  0  0  0  0  0  0  0  0  0  0  0  0  0
0  0  0  0  0  0 -1  0  0  0  0  0  0  0  0  0  0  0  0  0  0  0  0  0  0  0  0  0  0  1  0  0  0  0  0  0  1 -1  0  0  0  0  0  0  0  0  0  0  0  0  0
-0.14176           0           0           0           0           1           1           0           0           0           0           0           0           0           0           0           0           0           0           0           0           0           0           0           0           0           0           0           0          -1           0           0           0           0           0           0           0           0           0           0           0           0           0           0           0           0           0           0           0           0           0
0.062835           0           0           0           0           0           0           0           0           0           0           0           0           0           0           0           0           0           0           0           0           0           0           0           0           0           0           0           0           0           0           0           0           0           0           0           1           1          -1           0           0           0           0           0           0           0           1           0           0           0           0
-1.7825           0           0           0           0           0           0           0           0           0           0           0           0           0           0           0           0           0           0           0           0           0           0           0           0           0           0           0           0           0           0           0           0           0           0           0           0           0           1          -1           0           0           0           0           0           0           0           0           0           0           0
-0.86707           0          -1           0           0           0           0           0           0           0           0           0           0           0          -1           1           0           0           0           0           0           0           1          -1           0           0           0           0           0           0           0           0           0           0           0           0           0           0           0           1           0           0           0           0           0           0           0           0           0           0           0
-3.017           0           1           0           0           0           0          -1           0           0           0          -1           0           0           1          -1          -1           0           0           0           0           0           0           0           0           0           0           0           1           0          -1           0           0           0           0           0           0           0           0           0           0           0           0           0           0           0           0           0           0           0           0
-4.7804           0           0           0           0           0           0           0          -1           0           0           1           0           0           0           0           1          -1           0           0          -2           0           0           0           0           0           0           0           0           0           0           1           0           0           0           0           0           0           0           0           0           0           0           0           0           0           0          -1           0           0           0
-0.5658           0           0           0           0           0           0           0           0           0           0           0           0           0           0           0           0           1           0           0           0           0           0           0           0           0           0           0           0           0           0           0           0           0           0           0           0           0           0           0          -1           0           0           0           0           0           0           0           0           0           0
0.5658           0           0           0           1           0           0           0           0           0           0           0           0           0           0           0           0           0          -1           1           1           0           0           0           0           0           0           0           0           0           0           0           0          -1           0           0           0           0           0           0           1           0           0           0           0           0           0           0           0           0           0
1.0881           0           0           0           0           0           0           0           0           0           0           0           0           0           0           0           0           0           1          -1           0           0           0           0           0           0           0           1           0           0           0           0           0           0           0           0           0           0           0           0           0          -1           0           0           0           0           0           0           0           0           0
0  0  0  0  0  0  0  0  0  0  0  0  0  0  0  0  0  0  0  0  1  0  0  0  0  0  0  0 -1  0  0  0  0  0  0  0  0  0  0  0  0  1 -1  0  0  0  0  0  0  0  0
-1.1697           0           0           0           0           0           0           0           0           0           0           0           0           0           0           0           0          -1           0           0          -1           0          -1           1           0           0          -1           0           0           0           0           0           0           0           0           0           0           0           0           0           0           0           1           0           0           0           0           0           0           0           0
-0.84339           0           0           0           0           0           0           0           0           0           0           0           0           0           0           0           0           0           0           0           0           0           0           0           0           0           0           0           0           0           0           0           0           0           0           0           0           0           0           0           0           0           0           0           1          -1           0           0           0           0           0
0  0  0  0  0  0  0  0  0  0  0  0  0  0  0  0  0  0  0  0  0  1  0  0  0  0  0  0  0  0  0  0  0  0  0  0  0  0  0  0  0  0  0 -1 -1  0  0  0  0  0  0
-0.42007           0           0           0           0           0           0           0           0           0           0           0           0           0           0           0           0           0           0           0           0           0           0           0           0           0           0           0           0           0           0           0           0           0           0           0           0           0           0           0           0           0           0           0           0           1          -1           0           0           0           0
0  0  0  0  0  0  0  0  0  0  0  0  0  0  0  0  0  0  0  0  0  0  0  0  0  0  0  0  0  0  0  0  0  0  0  0  0  0  0  0  0  0  0  1  0 -1 -1  0  0  0  0
-40.6944            0            0           -1            0           -1            0            0            0            0            0            0            0           -1            1           -2            0            0            0            0            0            0           -1            0            0           -1            0            0            0            0            0           -2            0            0            0            0            0            0            1            0            1            0            0            0            0            0            0            1            0            0            1
3.1351           0           0           0           0           0          -1          -1          -2           0           0           0           0           0           0           0           1           1           0           0           0           0           0           0           0           0           0           0           1           0           0           0           0           0           0           0           0           0           1           0           0           0           1           0           0           0           0           0          -1          -1           0
-14.5921            0            0            0            0            0            0            0            0            0            0            0            0            0            0            0            0            1            0            0            0            2            0            0            0            0           -1            0            0            0            0            0            0            0            0            0            0            0            0            0            0            0            0            0            0            0            0            0            0            1            0
0  0  0  0  0  0  0  0  0  0  0  0  0  0  0  0  0  0  1 -1  0  0  0  0 -1  0  0  0  0  1  1  0  0  0  0  0  0  0  0  0  0  0  0  0  0  0  0  0  1  0  0
0  0  0  0  0  0  0  0  0  0  0  0  0  0  0  0  0  0  0  0  0  0  0  0  2  0  0  0  0  0  0  0  0  0  0  0  0  0  0  0  0  0  0  0  0  0  0  0  2 -1 -3
3.0466           0           0           0           0           0           0           0           0           0           0           0           0           0           0           0           1           2           0           0           0           1           1          -1           0           0           0           0           1           0           1           0           0           0          -1           0           0           0           0           0           0           0           0           0           0           0           0           0           0           0           0
-8.018           1           0           0           0           0           0           0           0           0           0           0           0           0           0           0           0           0           0           0           0           0           0           0           0           0          -1           1           0           0           0           0           0           0           0           0           0           0           0           0           0           0           0           0           0           0           0           0           0           0           0
0.59811           0           0           0           0           0           0           0           0          -1           1           0           0           0           0           0           0           0           0           0           0           0           0           0           0           0           0           0           0           0           1          -1           0           0           0           0           0           0           0           0           0           0           0           0           0           0           0           1           0           0           0
-2.8656           0           0           0           0           0           0           0           0           0           0           0           0           0           0           0           0           0           0           0           0           0           0           0           0           0           1          -1           0           0           0           0           1           0           0           0           0           0           0           0           0           0           0           0           0           0           0           0           0           0           0
