       1      -1       0       0       0       0       0       0       0      -1       1       0       0       0       0       0       0       0       0       0       0       0       0       0       0       0       0       0       0       0       0       0       0       0       0       0       0       0       0       0       0       0       0       0       0       0       0       0       0       0       0       0       0       0       0       0       0       0       0       0       0       0       0       0       0       0       0       0       0       0       0
       0       0       0       0       0       0       0       0       0       0       0       0       0       1       1       0       0       0       0       0       0       0       0       0       0       0       0       0       0       0       0       0       0       0       0       0       0       0       0       0       0       0       0       0       0       0       0       0       0       0       0       0       0       0       0       0       0       0       0       0       0       0       0       0       0       0       0       0       0       0       0
       0       0       0       0       0       0       0       0       0       0       0       0       0       0       0       0       0       0       0       0       0       0      -1       0      -1      -1       0       1       0       0       0       0       0       0       0       0       0       0       0       0       0       0       0       0       0       0       0       0       0       0       0       0       0       0       0       0       0       0       0       0       0       0       0       0       0       0       0       0       0       0       0
       0       0       0       0       0       0       0       0       0       0       0       0       0       0       0       0       0       0       0       0       0       0       0      -1       0       1       1       0       1       0       0       0       0       0       0       0       0       0       0       0       0       0       0       0       0       0       0       0       0       0       0       0       0       0       0       0       0       0       0       0       0       0       0       0       0       0       0       0       0       0       0
      -1       1       0       0       0       0       0       0       0       0       0       0       0       0       0       0       0       0       0       0       0       0       0       0       0       0       0       0       0       0       0       0       0       0       0       0       0       0       0       0       0       0      -1       1       0       0       0       0       0       0       0       0       0       0       0       0       0       0       0       0       0       0       0       0       0       0       0       0       0       0       0
       0       0       0       0      -1       0       0       0       0       0       0       0       0       1       0       0       0      -1      -1       0       0       0       0       0       0       0       0       0       0       0       0       0       0       0       0       0       0       0       0       1      -1       0       0       0       0       1       0       0       0       0       0       0       0       0       0       0       0       0       0       0       0       0       0       0       0       0       0       0       0       0       0
      -1       1       0       0       0       0       0       0       0       0       0       0       0       0       0       0       0       0       0       0       0       0       0       0       0       0       0       0       0       0       0       0       0       0       0       0       0       0       0       0       0       0       0       0       0       0       1       1       0       0       0       0       0       0       0       0       0       0       0       0       0       0       0       0       0       0       0       0       0       0       0
       0       0       0       0       0       1       1       0       0       0       0       0       0       0       0       0       0       0       0       0       0       0       0       0       0       0       0       0       0       0       0       0       0       0       0       0       0       0       0       0       0       0       0       0       0       0       0       0       0       0       1       0       0       0       0       0       0       0       0       0       0       0       0       0       0       0       0       0       0       0       0
       0       0       0       0       0       0       0       0       0       0       0       0       0       0       0       0       0       0       0       0       0       0       0       0       0       0       0       0       0       0       0       0       0       0       0       0       1      -1       0       0       0       0       0       0       0       0       0       0       0       0       0       0       0       0       0       1       0       0       0       0       0       0       0       0       0       0       0       0       0       0       0
       0       0       0       0       0       0       0       0       0       0       0       0       0      -1       0       0       1       0       0       1      -1       0       0       0       0       0       0       0       0       0       0       0       0       0       0       0       0       0       0       0       0      -1       0       0       0       0       0       0      -1       1       0       0       0       0       0       0       1       0       0       0       0       0       0       0       0       0       0       0       0       0       0
       0       0       0       0       0       0       0       0       0       0       0       0       0       1       0       0       0       0       0       0       0       0       0       0       0       0       0       0       0       0       0       1       0       0       0       0       0       0       0       0       0       0       0       0       0       0       0       0       0       0       0       0       0       0       0       0       0       0       0       1       0       1       0       0       0       0       0       0       0       0       0
    0.55   -0.55    2.79    5.05    4.95  -13.11   -2.27   -0.37   -5.42    4.35       0    4.29    6.47  198.99       0    2.14    0.11    0.47    0.46   -0.01    0.01    9.35       0       0    0.09       0      -0       0       0   -0.18   -0.37    6.63    0.56    7.61    8.26    8.28      -0    0.01   19.64     3.7     0.6   19.72     2.5       0    0.76       0   -0.63       0    0.01    0.09       0   -9.11   -1.05    -4.3   -1.06       0       0     2.4    2.65   -1.65    3.23       0    1.65       1       0       0       0       0       0       0       0
    1.31   -1.31    0.56    0.41    0.99   -2.62   -0.45   -0.07   -0.48    0.87       0    0.86    1.29    38.2       0    0.43    0.02    0.09    0.09      -0       0    2.47       0       0    0.02       0      -0       0       0   -0.04   -0.07    1.33    0.11    1.72    0.45    0.46      -0       0    3.53    0.74    0.12    3.94     0.5       0    0.15       0   -0.13       0       0    0.02       0   -1.82   -0.21   -0.26    0.39       0       0    0.28    0.13   -0.13    0.65       0    0.13       0       1       0       0       0       0       0       0
    0.65   -0.65    0.28    0.21     0.5   -1.31   -0.23   -0.04   -1.24    0.44       0    0.43    0.65    20.1       0    0.21    0.01    0.05    0.05      -0       0    1.23       0       0    0.01       0      -0       0       0   -0.02   -0.04    1.16    0.06    1.36    1.23    1.23      -0       0    2.26    0.37    0.06    1.97    0.25       0    0.08       0   -0.06       0       0    0.01       0   -0.91   -0.11   -0.13    0.19       0       0    0.14    0.06   -0.06    0.32       0    0.06       0       0       1       0       0       0       0       0
       0       0       0       0       0       0       0       0       0       0       0       0       0       1       0       0       0       0       0       0       0       0       0       0       0       0       0       0       0       0       0       0       0       0       0       0       0       0       0       0       0       0       0       0       0       0       0       0       0       0       0       1       1       0       1       0       0       0       0       0       0       0       0       0       0       0       1       0       0       0       0
   -0.65    0.65   -0.28   -0.21    -0.5    1.31    0.23    0.04    1.24   -0.44       0   -0.43   -0.65   -20.1       0   -0.21   -0.01   -0.05   -0.05       0      -0   -0.23      -0      -0   -0.01       0       0       0       0    0.02    0.04   -0.16   -0.06   -0.36   -0.23   -0.23       0      -0   -1.26   -0.37   -0.06   -1.97   -0.25       0   -0.08       0    0.06       0      -0   -0.01       0    0.91    0.11    1.13    0.81       0       0   -0.14   -0.06    0.06   -0.32       0   -0.06       0       0       0       0       1       0       0       0
    0.07    0.93   -1.67   -1.23   -3.97    7.86    1.36   -0.78    4.45   -3.61       0   -1.58   -2.88  -118.6       0   -2.28   -0.07   -0.28   -0.27       0   -0.01   -6.41      -0      -0   -0.06       0       0       0       0    0.11   -0.78   -5.98   -1.33   -7.17   -7.36   -7.37       0   -0.01  -12.58   -1.22   -0.36  -11.83    -1.5       0   -1.46       0    0.38       0      -0   -0.06       0    4.46    0.63    1.78   -1.16       0       0   -0.84   -0.39    0.39   -0.94       0   -0.39       0       0       0       0       0       1       0       0
    3.17   -3.17    3.91    2.87    8.93  -18.35   -3.18    1.49   -9.39     8.1       0    4.01    7.06  277.39       0    4.99    0.15    0.66    0.64   -0.01    0.02   13.29       0       0    0.13       0      -0       0       0    0.74    1.49   12.28    2.78   15.06   13.17   13.19      -0    0.01    27.7    3.17    0.84    27.6    3.51       0    3.07       0   -0.88       0    0.01    0.13       0  -10.75   -1.48   -3.81    0.72       0       0    1.96    0.91   -0.91    2.52       0    0.91       0       0       0       0       0       0       1       0
    0.27   -0.27    1.39    1.03    3.48   -6.55   -1.14    0.82   -3.21    3.18       0    1.15    2.24    98.5       0    2.07    0.05    0.24    0.23      -0    0.01    6.17       0       0    0.05       0      -0       0       0   -0.09   -0.18    5.81    0.28    6.81    6.13    6.14      -0       0   11.32    0.85     0.3    9.86    1.25       0    1.38       0   -0.31       0       0    0.05       0   -4.55   -0.53   -0.65    0.97       0       0     0.7    0.32   -0.32    0.61       0    0.32       0       0       0       0       0       0       0       1
