       0       0       1      -1       0       1       0       1       1       1       0       0       0       0       0       0       0       0       0       0       0       0       0       0       0       0       0       0       0       0       0
       0       0      -1       1       0      -1       0      -1      -2       0       1       0       0       0       0       0       0       0       0       0       0       0       0       0       0       0       0       0       0       0       0
       0       1       0       0      -1       1       0       0       0       0       0       1       0       0       0       0       0       0       0       0       0       0       0       0       0       0       0       0       0       0       0
       0       0       0       0       0       0       0       0       0       0       0       0       0       0       1       1       0       0       0       0       0       0       0       0       0       0       0       0       0       0       0
       0       0       0       0       0       0       0       0      -1       0       0       0       0       0       0       0       0       0       0       1       1       0       0       0       0       0       0       0       0       0       0
       0       0       0       0      -2       1       1       2       1       0       0       0       0       0       0       0       0       0       0       0       0       1       0       0       0       0       0       0       0       0       0
    -0.5      -2       2      -2       9      -5       0      -9       2       0       0       0      -2       0      -2       0      -2      -4      -2      -2       0       0       1       0       0       0       0       0       0       0       0
    0.25    -0.5    -1.5     1.5      -1      -1       0       1    -2.5       0       0       0     0.5      -1     0.5       0     0.5       2     1.5     1.5       0       0       0       1       0       0       0       0       0       0       0
    0.75     1.5    -1.5     1.5      -6       3       0       6    -0.5       0       0       0     1.5       0     1.5       0     1.5       3     1.5     1.5       0       0       0       0       1       0       0       0       0       0       0
       0       0       0       0       0       0       0       0      -1       0       0       0       0       0       0       0       0       0       0       0       0       0       0       0       0       1       0       0       0       0       0
       0       1       1      -1      -1       2       0       1       2       0       0       0       0       1       0       0       1       0      -1      -1       0       0       0       0       0       0       1       0       0       0       0
       0       0       1      -1       0       1       0       1       1       0       0       0       0       0       0       0       0      -1       0      -1       0       0       0       0       0       0       0       1       0       0       0
       0      -1       1       0       5      -3       0      -5       1       0       0       0      -1       0      -1       0      -1      -2      -1      -1       0       0       0       0       0       0       0       0       1       0       0
       0       0       1      -1       2      -1       1      -3       1       0       0       0      -1       0      -1       0      -1      -2      -1      -1       0       0       0       0       0       0       0       0       0       1       0
       0       0       0       0       2      -1      -1      -2      -2       0       0       0       0       0       0       0       0       0       0       0       0       0       0       0       0       0       0       0       0       0       1
