  738.37       0      -1      -1       0       0       0       0       0       0       0       0       0       0       0       0       0
-1335.15       1       0       0       0       1       0       0       0       0       0       0       0       0       0       0       0
140752.62       0       0       0       0       0       0       0       1       1       1       0      -1       0       0       0       0
       0       0       0       0       0       0       0       0      -1       0       0       1       0       0       0       0      -1
-1935.95       0       0       0       1       0       0       0       1       0       0       0       0       0       0       0       1
16114.61       0       0       0       0       0       0       0       0      -1       0      -1       0       0       0      -1       0
    1.49       0       0       0       0       0      -1      -1       0       0       0       0       0       0       0       0       0
       0       0       0       1       0       0       0       1       0       0       0       0       0      -1       0       0       0
  369.93       0       0       0       0       0       0       0       0       0       0       0       0    -0.5    -0.5       0       0
156331.61       0       0       0       0       0       0       0       0       0       1       0      -1       0       0       0       0
