       0       0       0       0       0       0       0       0       0       0      -1      -1       1       0       0       0       0       0       0       0       0       0       0       0       0       0       0       0       0       0       0       0       0       0       0       0       0       0       0       0       0       0       0       0       0       0       0       0       0       0       0       0       0       0       0       0       0       0       0       0       0       0       0       0
       0       0       0       0       0       0       0       0       0       0       0       0       0      -1       0      -1       1       0       0       0       0       0       0       0       0       0       0       0       0       0       0       0       0       0       0       0       0       0       0       0       0       0       0       0       0       0       0       0       0       0       0       0       0       0       0       0       0       0       0       0       0       0       0       0
       0       0       0       0       0       0       0       0       0       0       0       0       0       0       0       0       0       0       0       0       0       0       0       0       0      -1       0       1       0       0       0       0       0       0       0       0       0       0       0       0       0       0       0       0       0       0       0       0       0       0       0       0       0       0       0       0       0       0       0       0       0       0       0       0
       0       0       0       0       0       0       0       0       0       0       0       0       0       0       0       0       0       0       0       0       0       0       0       0       0       0       0       0       0       0       0       1       1       0       0       0       0       0       0       0       0       0       0       0       0       0       0       0       0       0       0       0       0       0       0       0       0       0       0       0       0       0       0       0
       0       0       0       0       0       0       0       0       0       0       0       0       0       0       0       0       0       0       0       0       0       0       0      -1    0.75      -3       3       0   -0.75   -0.75   -0.75       0       0       1       0       0       0       0       0       0       0       0       0       0       0       0       0       0       0       0       0       0       0       0       0       0       0       0       0       0       0       0       0       0
       0       0       0       0       0       0       0       0       0       0       0       0       0       0       0       0       0       0       0       0       0       0       0       0   -0.25       0       0       0   -0.75   -0.75   -0.75       0       0       0       1       0       0       0       0       0       0       0       0       0       0       0       0       0       0       0       0       0       0       0       0       0       0       0       0       0       0       0       0       0
       0       0       0       0       0       0       0      -1       1       0       0       0       0       0      -1      -1       0      -3       3       0       0       0       0     -15      15     -45      45       0       0       0       0       0       0       0       0       0       0       0       0      -1       1       0       0       0       0       0       0       0       0       0       0       0       0       0       0       0       0       0       0       0       0       0       0       0
       0   -0.67    0.67   -1.67    1.67   -1.67    1.67   -1.67    1.67       0       0       0       0       0       0       0       0      -5       5       0       0       0       0  -27.67   27.67     -83      83       0       0       0       0       0       0       0       0       0       0       0       0       0       0       0       0       0       0       0       0   -0.67    0.67   -0.67    0.67    0.33   -0.33    0.33   -0.33   -0.33    0.33       0       0      -1       1       0       0       0
       0       0     0.2       0       0       0       0       0       0       0       0       0       0       0       0       0       0       0       0       0       0       0       0       0   -0.05       0       0       0   -0.15   -0.15   -0.15       0       0       0       0       0       0       0       0       0       0      -1       0       0      -1       0      -1       0    -0.8    -0.2       0    -0.4       0    -0.4       0     0.4       0       0      -2     0.2       0       1       0       0
      -1    0.67   -0.67    1.67   -1.67    1.67   -1.67    1.67   -1.67       1      -1       0       0       0       0       0       0       5      -5       0       0       0       0   26.67  -26.67      80     -80       0       0       0       0       0       0       0       0       0       0       0       0       0       0      -1       1       1      -1       1      -1    0.67   -0.67   -0.33    0.33   -0.33    0.33   -0.33    0.33    0.33   -0.33       2      -2       0       0       0       1       0
       0    0.33   -0.13    0.33   -0.33    0.33   -0.33    0.33   -0.33       0       0       0       0       0       0       0       0       1      -1       0       0       0       0    5.33   -5.38      16     -16       0   -0.15   -0.15   -0.15       0       0       0       0       0       0       0       0       0       0       0      -1      -1       0      -1       0   -0.67   -0.13    0.13   -0.33   -0.07   -0.33   -0.07   -0.33    0.07    0.33      -2       0     0.2       0       0       0       1
